upscaledb 2.2.1 - Copyright (C) 2005-2016 Christoph Rupp (chris@crupp.de).

This program is free software: you can redistribute it and/or modify
it under the terms of the Apache Public License 2.0.

This program is distributed in the hope that it will be useful,
but WITHOUT ANY WARRANTY; without even the implied warranty of
MERCHANTABILITY or FITNESS FOR A PARTICULAR PURPOSE.  See the
APL Apahe Public License for more details.

Configuration: --seed=1775564004 --num-threads=256 --key=uint32 --recsize=1024 --distribution=random --stop-seconds=30 --find-pct=50 

[OK] 
	total elapsed time (sec)                 30.013179
	upscaledb elapsed time (sec)             6086.171365
	upscaledb total_#ops                     1637690
	upscaledb insert_#ops                    826573 (197.767207/sec)
	upscaledb insert_throughput              203304.689310/sec
	upscaledb insert_latency (min, avg, max) 0.000001, 0.005056, 2.318506
	upscaledb find_#ops                      810607 (425.148072/sec)
	upscaledb find_throughput                0.000000/sec
	upscaledb find_latency (min, avg, max)   0.000000, 0.002352, 3.354523
	upscaledb filesize                       922566656

	--- Per-thread fairness ---
	thread         inserts         finds     total_ops
	0                 1983          1984          3967
	1                 1794          1795          3589
	2                 5171          5061         10232
	3                 4726          4635          9361
	4                 1241          1260          2501
	5                 3649          3561          7210
	6                 3437          3346          6783
	7                 1999          1993          3992
	8                 3398          3302          6700
	9                 3675          3591          7266
	10                3249          3186          6435
	11                5265          5153         10418
	12                4984          4885          9869
	13                2414          2376          4790
	14                2827          2777          5604
	15                3498          3402          6900
	16                3325          3252          6577
	17                2233          2195          4428
	18                2956          2897          5853
	19                4982          4879          9861
	20                5073          4954         10027
	21                2557          2510          5067
	22                4925          4828          9753
	23                 921           967          1888
	24                2564          2526          5090
	25                2546          2498          5044
	26                6683          6503         13186
	27                3633          3552          7185
	28                3316          3248          6564
	29                2062          2055          4117
	30                2920          2863          5783
	31                2690          2636          5326
	32                1799          1799          3598
	33                3371          3279          6650
	34                3503          3409          6912
	35                2942          2884          5826
	36                3180          3122          6302
	37                3748          3671          7419
	38                2671          2619          5290
	39                4471          4372          8843
	40                3463          3364          6827
	41                4807          4703          9510
	42                4396          4297          8693
	43                4648          4552          9200
	44                3378          3285          6663
	45                3715          3643          7358
	46                2759          2695          5454
	47                4974          4870          9844
	48                1559          1566          3125
	49                2684          2636          5320
	50                4138          4009          8147
	51                4327          4218          8545
	52                4900          4791          9691
	53                1870          1875          3745
	54                3129          3070          6199
	55                3044          2969          6013
	56                1039          1090          2129
	57                5518          5392         10910
	58                3941          3841          7782
	59                2174          2136          4310
	60                2165          2132          4297
	61                2048          2045          4093
	62                2461          2418          4879
	63                3362          3274          6636
	64                3468          3366          6834
	65                2383          2343          4726
	66                3018          2948          5966
	67                2368          2330          4698
	68                3713          3635          7348
	69                6044          5898         11942
	70                1602          1613          3215
	71                4891          4783          9674
	72                2766          2708          5474
	73                3641          3557          7198
	74                6663          6484         13147
	75                2226          2186          4412
	76                4886          4781          9667
	77                2338          2297          4635
	78                2619          2580          5199
	79                5360          5228         10588
	80                1740          1759          3499
	81                6838          6643         13481
	82                3285          3223          6508
	83                3804          3719          7523
	84                2507          2471          4978
	85                2926          2866          5792
	86                1709          1729          3438
	87                2404          2366          4770
	88                4637          4534          9171
	89                2844          2805          5649
	90                2583          2545          5128
	91                1850          1855          3705
	92                2229          2190          4419
	93                3108          3044          6152
	94                4833          4737          9570
	95                3551          3463          7014
	96                2552          2506          5058
	97                4005          3887          7892
	98                3097          3028          6125
	99                3483          3382          6865
	100               2298          2250          4548
	101               1852          1856          3708
	102               5472          5353         10825
	103               3906          3810          7716
	104               1752          1767          3519
	105               2285          2238          4523
	106               3778          3691          7469
	107               6686          6504         13190
	108               3313          3243          6556
	109               2114          2096          4210
	110               3160          3109          6269
	111               3302          3238          6540
	112               5722          5607         11329
	113               1522          1534          3056
	114               2307          2260          4567
	115               2736          2677          5413
	116               2233          2195          4428
	117               4867          4763          9630
	118               2302          2253          4555
	119               2853          2810          5663
	120               1730          1746          3476
	121               2600          2562          5162
	122               3462          3358          6820
	123               1983          1985          3968
	124               2523          2480          5003
	125               2982          2919          5901
	126               3760          3678          7438
	127               2272          2220          4492
	128               4357          4243          8600
	129               3779          3692          7471
	130               4427          4319          8746
	131               4485          4384          8869
	132                841           889          1730
	133               2796          2746          5542
	134               3855          3770          7625
	135               1205          1226          2431
	136               2128          2107          4235
	137               2869          2824          5693
	138               5268          5159         10427
	139               2382          2342          4724
	140               2864          2821          5685
	141               3204          3141          6345
	142               5949          5805         11754
	143               2632          2587          5219
	144               2399          2360          4759
	145               2737          2677          5414
	146                493           524          1017
	147               3170          3113          6283
	148               3169          3112          6281
	149               6614          6446         13060
	150               5240          5135         10375
	151               4099          3973          8072
	152               3685          3601          7286
	153               2998          2934          5932
	154               3889          3793          7682
	155               3730          3656          7386
	156               2384          2347          4731
	157               4726          4635          9361
	158               2724          2665          5389
	159               3492          3390          6882
	160               3979          3868          7847
	161               1539          1546          3085
	162               3865          3775          7640
	163               2832          2785          5617
	164               2874          2825          5699
	165               3813          3733          7546
	166               5705          5578         11283
	167               2024          2028          4052
	168               4738          4643          9381
	169               2317          2266          4583
	170               3035          2963          5998
	171               2704          2650          5354
	172               3967          3863          7830
	173               3283          3216          6499
	174               4999          4899          9898
	175               1220          1249          2469
	176               2332          2290          4622
	177               2046          2043          4089
	178               2338          2297          4635
	179               2917          2858          5775
	180               4547          4448          8995
	181               3688          3602          7290
	182               2976          2914          5890
	183               2444          2402          4846
	184               2538          2488          5026
	185               2522          2480          5002
	186               4851          4748          9599
	187               2197          2159          4356
	188               2304          2254          4558
	189               2837          2793          5630
	190               2910          2853          5763
	191               2874          2825          5699
	192               5404          5287         10691
	193               2078          2063          4141
	194               2601          2564          5165
	195               5371          5242         10613
	196               2546          2499          5045
	197               4898          4789          9687
	198               1904          1908          3812
	199               2340          2299          4639
	200               4055          3944          7999
	201               3401          3303          6704
	202               3121          3060          6181
	203               1604          1615          3219
	204               3478          3377          6855
	205               2832          2785          5617
	206               1709          1729          3438
	207               4299          4185          8484
	208               1642          1658          3300
	209               3531          3435          6966
	210               2385          2347          4732
	211               1009          1065          2074
	212               2687          2636          5323
	213               3891          3797          7688
	214               4714          4622          9336
	215               2034          2033          4067
	216               3762          3683          7445
	217               2732          2673          5405
	218               3923          3820          7743
	219               2664          2611          5275
	220               2994          2930          5924
	221               4505          4404          8909
	222               2203          2166          4369
	223               2048          2045          4093
	224               3112          3056          6168
	225               2990          2927          5917
	226               4389          4288          8677
	227               3234          3175          6409
	228               2725          2667          5392
	229               1486          1490          2976
	230               2661          2610          5271
	231               3149          3096          6245
	232               5234          5122         10356
	233               3804          3721          7525
	234               2272          2220          4492
	235               4074          3955          8029
	236               1629          1638          3267
	237               3638          3556          7194
	238               2640          2593          5233
	239               2632          2586          5218
	240               6073          5927         12000
	241               4000          3885          7885
	242               2481          2444          4925
	243               3955          3852          7807
	244               2671          2622          5293
	245               1601          1613          3214
	246               2378          2340          4718
	247               3817          3740          7557
	248               2218          2184          4402
	249               3356          3268          6624
	250               2515          2478          4993
	251               2073          2063          4136
	252               3206          3142          6348
	253               5937          5797         11734
	254               2115          2097          4212
	255               1715          1737          3452

	Jain's fairness index (all ops):    0.876809  [UNFAIR]
	Jain's fairness index (inserts):    0.875158  [UNFAIR]
	Jain's fairness index (finds):      0.878477  [UNFAIR]
	Ops spread: min=1017  max=13481  ratio=13.26x
	--- end fairness ---
