upscaledb 2.2.1 - Copyright (C) 2005-2016 Christoph Rupp (chris@crupp.de).

This program is free software: you can redistribute it and/or modify
it under the terms of the Apache Public License 2.0.

This program is distributed in the hope that it will be useful,
but WITHOUT ANY WARRANTY; without even the implied warranty of
MERCHANTABILITY or FITNESS FOR A PARTICULAR PURPOSE.  See the
APL Apahe Public License for more details.

Configuration: --seed=1775563846 --num-threads=128 --key=uint32 --recsize=1024 --distribution=random --stop-seconds=30 --find-pct=50 

[OK] 
	total elapsed time (sec)                 30.003761
	upscaledb elapsed time (sec)             3503.899803
	upscaledb total_#ops                     3019387
	upscaledb insert_#ops                    1516223 (620.366947/sec)
	upscaledb insert_throughput              637737.221284/sec
	upscaledb insert_latency (min, avg, max) 0.000001, 0.001612, 1.915178
	upscaledb find_#ops                      1502911 (1418.074201/sec)
	upscaledb find_throughput                0.000000/sec
	upscaledb find_latency (min, avg, max)   0.000000, 0.000705, 2.277656
	upscaledb filesize                       1690599424

	--- Per-thread fairness ---
	thread         inserts         finds     total_ops
	0                12489         12394         24883
	1                13168         13075         26243
	2                12208         12095         24303
	3                11230         11120         22350
	4                10265         10149         20414
	5                11243         11130         22373
	6                11738         11622         23360
	7                11407         11285         22692
	8                11750         11638         23388
	9                11554         11439         22993
	10               13188         13099         26287
	11               11571         11455         23026
	12               11391         11264         22655
	13               11094         10968         22062
	14               10858         10719         21577
	15               14506         14460         28966
	16               11047         10919         21966
	17               11594         11481         23075
	18               10647         10537         21184
	19               13658         13595         27253
	20               10725         10604         21329
	21               11254         11141         22395
	22               11127         11013         22140
	23               12270         12173         24443
	24               14097         14040         28137
	25               10595         10484         21079
	26               13904         13840         27744
	27               12843         12742         25585
	28               13788         13717         27505
	29                9728          9601         19329
	30                9966          9805         19771
	31               11864         11750         23614
	32               12035         11958         23993
	33               10169         10051         20220
	34               12877         12782         25659
	35               15001         14994         29995
	36               11767         11661         23428
	37               13455         13378         26833
	38               11542         11427         22969
	39               12935         12848         25783
	40               10977         10857         21834
	41               11945         11853         23798
	42               14462         14415         28877
	43               12165         12056         24221
	44               11469         11353         22822
	45               14161         14101         28262
	46               12640         12536         25176
	47               11068         10943         22011
	48                9027          8885         17912
	49               12362         12284         24646
	50               12959         12864         25823
	51               13904         13841         27745
	52               12705         12606         25311
	53               12616         12519         25135
	54                9997          9845         19842
	55               14400         14349         28749
	56               10989         10864         21853
	57               13474         13397         26871
	58               12676         12579         25255
	59                9815          9669         19484
	60               11725         11608         23333
	61               11228         11119         22347
	62               12523         12439         24962
	63               13226         13133         26359
	64               12701         12602         25303
	65               11635         11532         23167
	66               11635         11532         23167
	67               10881         10744         21625
	68               12392         12302         24694
	69               11246         11137         22383
	70               11594         11481         23075
	71               11603         11498         23101
	72               11938         11849         23787
	73               13439         13354         26793
	74               13877         13806         27683
	75               10875         10739         21614
	76               11751         11639         23390
	77               12449         12360         24809
	78               12263         12164         24427
	79               11791         11682         23473
	80                9668          9546         19214
	81               10373         10254         20627
	82               10478         10368         20846
	83               11202         11083         22285
	84               11479         11366         22845
	85               10101          9976         20077
	86               11188         11065         22253
	87               10433         10320         20753
	88               10509         10394         20903
	89               10976         10855         21831
	90               12327         12248         24575
	91                9738          9607         19345
	92               11730         11615         23345
	93               14801         14786         29587
	94               11939         11851         23790
	95               12496         12403         24899
	96                9972          9810         19782
	97               11581         11468         23049
	98               10786         10658         21444
	99               11795         11688         23483
	100              10876         10743         21619
	101              13132         13042         26174
	102              12001         11915         23916
	103              12511         12417         24928
	104              11945         11853         23798
	105              13289         13201         26490
	106              12558         12468         25026
	107              12521         12433         24954
	108              11001         10876         21877
	109              11409         11288         22697
	110              10231         10124         20355
	111              10983         10858         21841
	112              10762         10634         21396
	113              11834         11734         23568
	114              10801         10668         21469
	115              10533         10427         20960
	116              10119          9994         20113
	117              11115         10994         22109
	118              12393         12304         24697
	119              10664         10553         21217
	120              12262         12163         24425
	121              13093         12992         26085
	122              13162         13071         26233
	123              13087         12987         26074
	124              11990         11903         23893
	125              12267         12168         24435
	126              11922         11822         23744
	127              11059         10929         21988

	Jain's fairness index (all ops):    0.989363  [FAIR]
	Jain's fairness index (inserts):    0.989639  [FAIR]
	Jain's fairness index (finds):      0.989081  [FAIR]
	Ops spread: min=17912  max=29995  ratio=1.67x
	--- end fairness ---
