upscaledb 2.2.1 - Copyright (C) 2005-2016 Christoph Rupp (chris@crupp.de).

This program is free software: you can redistribute it and/or modify
it under the terms of the Apache Public License 2.0.

This program is distributed in the hope that it will be useful,
but WITHOUT ANY WARRANTY; without even the implied warranty of
MERCHANTABILITY or FITNESS FOR A PARTICULAR PURPOSE.  See the
APL Apahe Public License for more details.

Configuration: --seed=1775563965 --num-threads=128 --key=uint32 --recsize=1024 --distribution=random --stop-seconds=30 --find-pct=50 
  [hierarchy] default 2-group (insert→1, find→2)

[OK] 
	total elapsed time (sec)                 30.039704
	upscaledb elapsed time (sec)             3322.381088
	upscaledb total_#ops                     2738415
	upscaledb insert_#ops                    1376724 (593.802545/sec)
	upscaledb insert_throughput              610429.016519/sec
	upscaledb insert_latency (min, avg, max) 0.000001, 0.001684, 3.520841
	upscaledb find_#ops                      1361442 (1356.162169/sec)
	upscaledb find_throughput                0.000000/sec
	upscaledb find_latency (min, avg, max)   0.000000, 0.000737, 0.593109
	upscaledb filesize                       1533771776

	--- Per-thread fairness ---
	thread         inserts         finds     total_ops
	0                10024          9869         19893
	1                10894         10758         21652
	2                 9863          9711         19574
	3                10349         10235         20584
	4                10055          9914         19969
	5                11024         10897         21921
	6                10333         10217         20550
	7                10511         10395         20906
	8                10974         10852         21826
	9                10773         10648         21421
	10                9156          9039         18195
	11                9849          9701         19550
	12               12775         12693         25468
	13               12682         12589         25271
	14               11158         11037         22195
	15               10978         10858         21836
	16               10276         10158         20434
	17                9008          8869         17877
	18               11871         11768         23639
	19                8561          8390         16951
	20               11799         11693         23492
	21               10145         10027         20172
	22               10869         10730         21599
	23               11209         11089         22298
	24                9965          9805         19770
	25               11512         11388         22900
	26               11212         11095         22307
	27                9544          9420         18964
	28                9411          9289         18700
	29               11400         11279         22679
	30               10739         10613         21352
	31               10000          9846         19846
	32               11723         11608         23331
	33               10558         10455         21013
	34               11051         10921         21972
	35                9359          9240         18599
	36               12180         12072         24252
	37               10765         10639         21404
	38                9294          9162         18456
	39               10053          9914         19967
	40               12468         12375         24843
	41               11161         11037         22198
	42               10773         10648         21421
	43               10411         10295         20706
	44                9310          9181         18491
	45               10793         10664         21457
	46               10457         10348         20805
	47                9534          9408         18942
	48                9692          9559         19251
	49                9072          8934         18006
	50                9144          9016         18160
	51               10294         10172         20466
	52                9146          9022         18168
	53                8403          8242         16645
	54               10477         10368         20845
	55                9496          9371         18867
	56                8953          8798         17751
	57               11725         11608         23333
	58               10675         10565         21240
	59               10887         10747         21634
	60               14234         14181         28415
	61               10159         10034         20193
	62               10652         10542         21194
	63                9316          9191         18507
	64               11042         10913         21955
	65               11192         11075         22267
	66               10120          9994         20114
	67                9293          9161         18454
	68               10230         10120         20350
	69               10505         10390         20895
	70               11938         11848         23786
	71                9377          9256         18633
	72               11087         10964         22051
	73               13286         13192         26478
	74                8385          8210         16595
	75               12559         12470         25029
	76               11095         10969         22064
	77               10807         10676         21483
	78               10146         10027         20173
	79                9972          9810         19782
	80                9641          9519         19160
	81               10128         10003         20131
	82                9294          9164         18458
	83               10330         10210         20540
	84               11319         11194         22513
	85               11955         11863         23818
	86               10812         10676         21488
	87               10287         10168         20455
	88               12841         12741         25582
	89               13164         13072         26236
	90                9816          9671         19487
	91               12363         12286         24649
	92               12501         12404         24905
	93               11347         11221         22568
	94               13555         13497         27052
	95               12501         12404         24905
	96               11820         11723         23543
	97               12537         12454         24991
	98                9635          9511         19146
	99               10237         10127         20364
	100              13474         13397         26871
	101              11178         11040         22218
	102               9433          9311         18744
	103              10801         10672         21473
	104               8668          8523         17191
	105              11834         11734         23568
	106               9294          9162         18456
	107              11183         11053         22236
	108              10545         10431         20976
	109              12281         12193         24474
	110               9357          9237         18594
	111              12773         12691         25464
	112              12592         12505         25097
	113              11439         11312         22751
	114              14414         14357         28771
	115               9529          9394         18923
	116               9956          9796         19752
	117              10491         10377         20868
	118              10492         10379         20871
	119              11677         11563         23240
	120              10593         10480         21073
	121               9625          9507         19132
	122               7409          7251         14660
	123              10752         10629         21381
	124              12724         12637         25361
	125              10119          9994         20113
	126              12967         12871         25838
	127              12873         12774         25647

	Jain's fairness index (all ops):    0.985338  [FAIR]
	Jain's fairness index (inserts):    0.985689  [FAIR]
	Jain's fairness index (finds):      0.984979  [FAIR]
	Ops spread: min=14660  max=28771  ratio=1.96x
	--- end fairness ---
