upscaledb 2.2.1 - Copyright (C) 2005-2016 Christoph Rupp (chris@crupp.de).

This program is free software: you can redistribute it and/or modify
it under the terms of the Apache Public License 2.0.

This program is distributed in the hope that it will be useful,
but WITHOUT ANY WARRANTY; without even the implied warranty of
MERCHANTABILITY or FITNESS FOR A PARTICULAR PURPOSE.  See the
APL Apahe Public License for more details.

Configuration: --seed=1775564113 --num-threads=256 --key=uint32 --recsize=1024 --distribution=random --stop-seconds=30 --find-pct=50 
  [hierarchy] default 2-group (insert→1, find→2)

[OK] 
	total elapsed time (sec)                 30.205937
	upscaledb elapsed time (sec)             6268.448563
	upscaledb total_#ops                     1778690
	upscaledb insert_#ops                    898869 (210.867762/sec)
	upscaledb insert_throughput              216772.059560/sec
	upscaledb insert_latency (min, avg, max) 0.000001, 0.004742, 6.288118
	upscaledb find_#ops                      879311 (438.398527/sec)
	upscaledb find_throughput                0.000000/sec
	upscaledb find_latency (min, avg, max)   0.000000, 0.002281, 1.584943
	upscaledb filesize                       1003028480

	--- Per-thread fairness ---
	thread         inserts         finds     total_ops
	0                 1680          1698          3378
	1                 4256          4133          8389
	2                 3802          3710          7512
	3                 3302          3238          6540
	4                 5525          5398         10923
	5                 2414          2376          4790
	6                 4440          4337          8777
	7                 1691          1705          3396
	8                 3357          3268          6625
	9                 2387          2351          4738
	10                2480          2442          4922
	11                5102          4995         10097
	12                4018          3897          7915
	13                3709          3626          7335
	14                3738          3663          7401
	15                4587          4477          9064
	16                3365          3277          6642
	17                3736          3660          7396
	18                2629          2584          5213
	19                2986          2926          5912
	20                3044          2969          6013
	21                5074          4954         10028
	22                2681          2634          5315
	23                4421          4316          8737
	24                4777          4679          9456
	25                2465          2422          4887
	26                2736          2675          5411
	27                3444          3352          6796
	28                5188          5083         10271
	29                4305          4194          8499
	30                1840          1836          3676
	31                2567          2529          5096
	32                4076          3955          8031
	33                3427          3330          6757
	34                3085          3016          6101
	35                5026          4920          9946
	36                4921          4824          9745
	37                5443          5328         10771
	38                4742          4647          9389
	39                3550          3461          7011
	40                5095          4979         10074
	41                4365          4258          8623
	42                2650          2601          5251
	43                1562          1577          3139
	44                2515          2478          4993
	45                5856          5722         11578
	46                4194          4070          8264
	47                4637          4537          9174
	48                4169          4037          8206
	49                3551          3462          7013
	50                4020          3900          7920
	51                1803          1804          3607
	52                2774          2718          5492
	53                3763          3683          7446
	54                2109          2092          4201
	55                1997          1989          3986
	56                4114          3992          8106
	57                4421          4316          8737
	58                2267          2218          4485
	59                3892          3798          7690
	60                4848          4745          9593
	61                2070          2059          4129
	62                4041          3925          7966
	63                3411          3313          6724
	64                3797          3702          7499
	65                4434          4333          8767
	66                3032          2962          5994
	67                2850          2809          5659
	68                2795          2739          5534
	69                2801          2758          5559
	70                3803          3710          7513
	71                3819          3740          7559
	72                2633          2588          5221
	73                1104          1136          2240
	74                2956          2900          5856
	75                4811          4705          9516
	76                4172          4041          8213
	77                3407          3311          6718
	78                3906          3811          7717
	79                3434          3337          6771
	80                3483          3382          6865
	81                3329          3254          6583
	82                2841          2798          5639
	83                2375          2336          4711
	84                4453          4348          8801
	85                2491          2454          4945
	86                4379          4277          8656
	87                1632          1646          3278
	88                4320          4215          8535
	89                4316          4212          8528
	90                2779          2723          5502
	91                2888          2837          5725
	92                3668          3581          7249
	93                3310          3242          6552
	94                3094          3023          6117
	95                2891          2840          5731
	96                3542          3449          6991
	97                3123          3065          6188
	98                2177          2141          4318
	99                3503          3405          6908
	100               2531          2484          5015
	101               2938          2878          5816
	102               2486          2452          4938
	103               1483          1488          2971
	104               2352          2316          4668
	105               3281          3214          6495
	106               1928          1923          3851
	107               1355          1371          2726
	108               3044          2969          6013
	109               3891          3797          7688
	110               2175          2141          4316
	111               2569          2533          5102
	112               3476          3375          6851
	113               3164          3110          6274
	114               4251          4130          8381
	115               2840          2797          5637
	116               2982          2919          5901
	117               3261          3198          6459
	118               4639          4541          9180
	119               4344          4238          8582
	120               3483          3382          6865
	121               4536          4432          8968
	122               5243          5138         10381
	123               2904          2848          5752
	124               3411          3313          6724
	125               4134          4006          8140
	126               2932          2870          5802
	127               2680          2632          5312
	128               3437          3346          6783
	129               6599          6433         13032
	130               2667          2612          5279
	131               3171          3117          6288
	132               4548          4448          8996
	133               4402          4299          8701
	134               2803          2760          5563
	135               3179          3120          6299
	136               2698          2640          5338
	137               3809          3726          7535
	138               2667          2613          5280
	139               3038          2964          6002
	140               4174          4042          8216
	141               2976          2914          5890
	142               3297          3233          6530
	143               5234          5125         10359
	144               3795          3701          7496
	145               2891          2840          5731
	146               3625          3537          7162
	147               4539          4434          8973
	148               1498          1506          3004
	149               3194          3133          6327
	150               4509          4404          8913
	151               4834          4738          9572
	152               3761          3680          7441
	153               2759          2696          5455
	154               4325          4216          8541
	155               3951          3850          7801
	156               3426          3329          6755
	157               2614          2578          5192
	158               3382          3289          6671
	159               4172          4041          8213
	160               4400          4299          8699
	161               2121          2103          4224
	162               3601          3514          7115
	163               3519          3424          6943
	164               2960          2901          5861
	165               4899          4791          9690
	166               5147          5037         10184
	167               6299          6110         12409
	168               4916          4817          9733
	169               4101          3979          8080
	170               3426          3329          6755
	171               4171          4041          8212
	172               2689          2636          5325
	173               2258          2212          4470
	174               3853          3769          7622
	175               3248          3186          6434
	176               2764          2701          5465
	177               3773          3687          7460
	178               1517          1529          3046
	179               3519          3424          6943
	180               3730          3656          7386
	181               5987          5849         11836
	182               2205          2168          4373
	183               2082          2068          4150
	184               2665          2611          5276
	185               3829          3748          7577
	186               2941          2883          5824
	187               3411          3313          6724
	188               3285          3223          6508
	189               5069          4949         10018
	190               4146          4020          8166
	191               4873          4764          9637
	192               3616          3528          7144
	193               2455          2414          4869
	194               3246          3186          6432
	195               3246          3186          6432
	196               4055          3944          7999
	197               3803          3710          7513
	198               5379          5252         10631
	199               4143          4016          8159
	200               2345          2309          4654
	201               2649          2601          5250
	202               3293          3229          6522
	203               3342          3259          6601
	204               3207          3143          6350
	205               3933          3830          7763
	206               1421          1431          2852
	207               3684          3601          7285
	208               3636          3555          7191
	209               3234          3175          6409
	210               3509          3415          6924
	211               6019          5865         11884
	212               4912          4811          9723
	213               2398          2358          4756
	214               5257          5148         10405
	215               3804          3718          7522
	216               4046          3934          7980
	217               5843          5716         11559
	218               2843          2804          5647
	219               3278          3212          6490
	220               4724          4632          9356
	221               3055          2983          6038
	222               5960          5817         11777
	223               5686          5557         11243
	224               3712          3633          7345
	225               2114          2096          4210
	226               3042          2966          6008
	227               3804          3718          7522
	228               2590          2553          5143
	229               3555          3466          7021
	230               2631          2584          5215
	231               2450          2408          4858
	232               2848          2805          5653
	233               2853          2810          5663
	234               1994          1988          3982
	235               6418          6223         12641
	236               3017          2946          5963
	237               3244          3184          6428
	238               5172          5061         10233
	239               2950          2891          5841
	240               2852          2809          5661
	241               3138          3073          6211
	242               4254          4133          8387
	243               2774          2712          5486
	244               4032          3917          7949
	245               3877          3785          7662
	246               3246          3186          6432
	247               2729          2672          5401
	248               3597          3511          7108
	249               5141          5034         10175
	250               3297          3233          6530
	251               1238          1259          2497
	252               3606          3517          7123
	253               3236          3176          6412
	254               3094          3023          6117
	255               4164          4032          8196

	Jain's fairness index (all ops):    0.920778  [UNFAIR]
	Jain's fairness index (inserts):    0.919907  [UNFAIR]
	Jain's fairness index (finds):      0.921656  [UNFAIR]
	Ops spread: min=2240  max=13032  ratio=5.82x
	--- end fairness ---
