upscaledb 2.2.1 - Copyright (C) 2005-2016 Christoph Rupp (chris@crupp.de).

This program is free software: you can redistribute it and/or modify
it under the terms of the Apache Public License 2.0.

This program is distributed in the hope that it will be useful,
but WITHOUT ANY WARRANTY; without even the implied warranty of
MERCHANTABILITY or FITNESS FOR A PARTICULAR PURPOSE.  See the
APL Apahe Public License for more details.

Configuration: --seed=1775563885 --num-threads=128 --key=uint32 --recsize=1024 --distribution=random --stop-seconds=30 --find-pct=50 

[OK] 
	total elapsed time (sec)                 30.005060
	upscaledb elapsed time (sec)             3383.796505
	upscaledb total_#ops                     2855153
	upscaledb insert_#ops                    1434804 (596.910409/sec)
	upscaledb insert_throughput              613623.900714/sec
	upscaledb insert_latency (min, avg, max) 0.000001, 0.001675, 0.851285
	upscaledb find_#ops                      1420097 (1448.961769/sec)
	upscaledb find_throughput                0.000000/sec
	upscaledb find_latency (min, avg, max)   0.000000, 0.000690, 0.758822
	upscaledb filesize                       1599717376

	--- Per-thread fairness ---
	thread         inserts         finds     total_ops
	0                12020         11934         23954
	1                10926         10809         21735
	2                11574         11456         23030
	3                 7732          7569         15301
	4                13496         13419         26915
	5                12270         12175         24445
	6                12935         12851         25786
	7                11768         11663         23431
	8                11073         10954         22027
	9                 9713          9586         19299
	10               11396         11276         22672
	11               10682         10567         21249
	12               12139         12034         24173
	13               10293         10172         20465
	14               11317         11193         22510
	15               11261         11143         22404
	16                9645          9523         19168
	17               10803         10673         21476
	18                9991          9830         19821
	19               12429         12337         24766
	20               11155         11036         22191
	21               12793         12704         25497
	22               10982         10858         21840
	23                9488          9361         18849
	24               11095         10975         22070
	25                9383          9266         18649
	26               11285         11164         22449
	27               11294         11174         22468
	28               12341         12263         24604
	29               11565         11449         23014
	30                9924          9771         19695
	31               11217         11098         22315
	32               10389         10273         20662
	33               11841         11737         23578
	34               10313         10190         20503
	35               10790         10663         21453
	36                7895          7739         15634
	37               11182         11049         22231
	38                9901          9754         19655
	39               10120          9994         20114
	40               10393         10276         20669
	41               10952         10832         21784
	42               10305         10185         20490
	43               10924         10796         21720
	44                9738          9607         19345
	45               11386         11261         22647
	46               11862         11749         23611
	47                9790          9646         19436
	48               11210         11092         22302
	49               12204         12093         24297
	50               12717         12628         25345
	51               11044         10913         21957
	52               11005         10880         21885
	53               11458         11334         22792
	54               12810         12717         25527
	55               12422         12330         24752
	56               11983         11897         23880
	57               11568         11451         23019
	58               10197         10078         20275
	59                9727          9600         19327
	60               12614         12518         25132
	61               12874         12777         25651
	62               11105         10982         22087
	63               11634         11530         23164
	64               13092         12990         26082
	65               11648         11543         23191
	66               10801         10670         21471
	67               10433         10320         20753
	68               12074         11991         24065
	69                8941          8785         17726
	70               10169         10051         20220
	71               11846         11739         23585
	72               12226         12122         24348
	73               12463         12368         24831
	74               10506         10391         20897
	75               11672         11557         23229
	76               11179         11046         22225
	77               11645         11542         23187
	78               13943         13887         27830
	79               10413         10296         20709
	80               12220         12117         24337
	81               13277         13178         26455
	82               11445         11322         22767
	83                9643          9520         19163
	84               12762         12683         25445
	85               11467         11351         22818
	86               11362         11231         22593
	87               11365         11241         22606
	88               12191         12084         24275
	89               10124          9995         20119
	90               10868         10730         21598
	91                9659          9538         19197
	92               10622         10515         21137
	93                9492          9366         18858
	94                9617          9498         19115
	95               13217         13123         26340
	96                9347          9224         18571
	97               12889         12794         25683
	98               10835         10696         21531
	99               11820         11723         23543
	100              10132         10011         20143
	101              10856         10718         21574
	102              11577         11461         23038
	103               8711          8557         17268
	104              11546         11429         22975
	105              12784         12698         25482
	106              13370         13278         26648
	107              12171         12060         24231
	108              10205         10089         20294
	109              10486         10372         20858
	110              11954         11861         23815
	111              11029         10903         21932
	112              12280         12192         24472
	113              10055          9914         19969
	114              12977         12880         25857
	115              11597         11492         23089
	116              11751         11643         23394
	117              11956         11867         23823
	118              10132         10011         20143
	119              10773         10648         21421
	120              11911         11818         23729
	121              10852         10714         21566
	122              12220         12117         24337
	123              11263         11143         22406
	124              10953         10833         21786
	125              11933         11843         23776
	126              11874         11770         23644
	127               9845          9694         19539

	Jain's fairness index (all ops):    0.989383  [FAIR]
	Jain's fairness index (inserts):    0.989629  [FAIR]
	Jain's fairness index (finds):      0.989131  [FAIR]
	Ops spread: min=15301  max=27830  ratio=1.82x
	--- end fairness ---
