upscaledb 2.2.1 - Copyright (C) 2005-2016 Christoph Rupp (chris@crupp.de).

This program is free software: you can redistribute it and/or modify
it under the terms of the Apache Public License 2.0.

This program is distributed in the hope that it will be useful,
but WITHOUT ANY WARRANTY; without even the implied warranty of
MERCHANTABILITY or FITNESS FOR A PARTICULAR PURPOSE.  See the
APL Apahe Public License for more details.

Configuration: --seed=1775564040 --num-threads=256 --key=uint32 --recsize=1024 --distribution=random --stop-seconds=30 --find-pct=50 

[OK] 
	total elapsed time (sec)                 30.015199
	upscaledb elapsed time (sec)             6110.318392
	upscaledb total_#ops                     1649430
	upscaledb insert_#ops                    832624 (200.212904/sec)
	upscaledb insert_throughput              205818.865056/sec
	upscaledb insert_latency (min, avg, max) 0.000001, 0.004995, 0.573458
	upscaledb find_#ops                      816299 (418.266231/sec)
	upscaledb find_throughput                0.000000/sec
	upscaledb find_latency (min, avg, max)   0.000000, 0.002391, 10.757207
	upscaledb filesize                       929234944

	--- Per-thread fairness ---
	thread         inserts         finds     total_ops
	0                 2884          2835          5719
	1                 3167          3111          6278
	2                 1555          1565          3120
	3                 2728          2668          5396
	4                 2785          2725          5510
	5                 2805          2763          5568
	6                 2864          2821          5685
	7                 1540          1549          3089
	8                 2911          2854          5765
	9                 2467          2423          4890
	10                5366          5235         10601
	11                3681          3599          7280
	12                2391          2355          4746
	13                4781          4683          9464
	14                3158          3105          6263
	15                2627          2584          5211
	16                5513          5386         10899
	17                2539          2492          5031
	18                2057          2051          4108
	19                2229          2187          4416
	20                2411          2369          4780
	21                1526          1536          3062
	22                2156          2127          4283
	23                3788          3701          7489
	24                2151          2121          4272
	25                3146          3086          6232
	26                2490          2454          4944
	27                3690          3604          7294
	28                6303          6115         12418
	29                4717          4624          9341
	30                1251          1270          2521
	31                4092          3968          8060
	32                1039          1089          2128
	33                4019          3900          7919
	34                3788          3701          7489
	35                2555          2508          5063
	36                2840          2796          5636
	37                3122          3065          6187
	38                4099          3975          8074
	39                 999          1049          2048
	40                2973          2912          5885
	41                4421          4316          8737
	42                3987          3873          7860
	43                4300          4189          8489
	44                3417          3314          6731
	45                5387          5260         10647
	46                3394          3299          6693
	47                2423          2381          4804
	48                2248          2206          4454
	49                6193          6033         12226
	50                3483          3382          6865
	51                2644          2598          5242
	52                3025          2959          5984
	53                2447          2404          4851
	54                4277          4158          8435
	55                2333          2290          4623
	56                2992          2927          5919
	57                4313          4204          8517
	58                3330          3255          6585
	59                1483          1488          2971
	60                2911          2855          5766
	61                3043          2968          6011
	62                5414          5297         10711
	63                2655          2608          5263
	64                4147          4020          8167
	65                3855          3769          7624
	66                3138          3073          6211
	67                3929          3825          7754
	68                4184          4056          8240
	69                6144          5999         12143
	70                1438          1448          2886
	71                2948          2891          5839
	72                4537          4433          8970
	73                1254          1272          2526
	74                5844          5716         11560
	75                4577          4468          9045
	76                2210          2171          4381
	77                2585          2547          5132
	78                3558          3476          7034
	79                5325          5206         10531
	80                7207          7024         14231
	81                4289          4168          8457
	82                3239          3180          6419
	83                3286          3224          6510
	84                4522          4414          8936
	85                1898          1904          3802
	86                2209          2171          4380
	87                5250          5142         10392
	88                1492          1496          2988
	89                3574          3492          7066
	90                5870          5736         11606
	91                2361          2323          4684
	92                5169          5060         10229
	93                4328          4218          8546
	94                4136          4007          8143
	95                4005          3887          7892
	96                2761          2701          5462
	97                4434          4330          8764
	98                3455          3356          6811
	99                1878          1881          3759
	100               5614          5500         11114
	101               2924          2864          5788
	102               3372          3281          6653
	103               2972          2912          5884
	104               2738          2678          5416
	105               2384          2347          4731
	106               2319          2267          4586
	107               3082          3015          6097
	108               3464          3364          6828
	109               4111          3990          8101
	110               4975          4871          9846
	111               2989          2927          5916
	112               6049          5907         11956
	113               1182          1208          2390
	114               1270          1288          2558
	115               3943          3846          7789
	116               6008          5859         11867
	117               4535          4431          8966
	118               1707          1728          3435
	119               3231          3168          6399
	120               1911          1913          3824
	121               1596          1608          3204
	122               3225          3158          6383
	123               5384          5255         10639
	124               3804          3717          7521
	125               1279          1294          2573
	126               4464          4360          8824
	127               1814          1815          3629
	128               3154          3099          6253
	129               1952          1954          3906
	130               4033          3918          7951
	131               3132          3071          6203
	132               3696          3610          7306
	133               1759          1772          3531
	134               2970          2909          5879
	135               2536          2487          5023
	136               4262          4143          8405
	137               2912          2856          5768
	138               1525          1535          3060
	139               3512          3419          6931
	140               2831          2784          5615
	141               3056          2985          6041
	142               3922          3819          7741
	143               4863          4761          9624
	144               3185          3127          6312
	145               2418          2378          4796
	146               4264          4146          8410
	147               2079          2065          4144
	148               2477          2439          4916
	149               4710          4617          9327
	150               2513          2478          4991
	151               4940          4831          9771
	152               3321          3248          6569
	153               2383          2346          4729
	154               2094          2083          4177
	155               4293          4172          8465
	156               3657          3573          7230
	157               3067          3001          6068
	158               4421          4316          8737
	159               1841          1839          3680
	160               5701          5577         11278
	161               2133          2107          4240
	162               5719          5596         11315
	163               2828          2781          5609
	164               3682          3599          7281
	165               4622          4521          9143
	166               3325          3252          6577
	167               1206          1227          2433
	168               4566          4460          9026
	169               2651          2604          5255
	170               2613          2576          5189
	171               1949          1953          3902
	172               2369          2330          4699
	173               2760          2697          5457
	174               1601          1613          3214
	175               4425          4318          8743
	176               3976          3867          7843
	177               1208          1228          2436
	178               2819          2771          5590
	179               3629          3547          7176
	180               3111          3047          6158
	181               2904          2848          5752
	182               3122          3064          6186
	183               3498          3399          6897
	184               5383          5254         10637
	185               2346          2309          4655
	186               2520          2480          5000
	187               3829          3750          7579
	188               3394          3299          6693
	189               4601          4500          9101
	190               4053          3939          7992
	191               2496          2460          4956
	192               1342          1346          2688
	193               3476          3374          6850
	194               3821          3743          7564
	195               3536          3446          6982
	196               3555          3466          7021
	197               1942          1943          3885
	198               1273          1288          2561
	199                926           977          1903
	200               3967          3863          7830
	201               1454          1465          2919
	202               2018          2021          4039
	203               4433          4325          8758
	204               1887          1897          3784
	205               3558          3471          7029
	206               2165          2132          4297
	207               3209          3146          6355
	208               1789          1787          3576
	209               5153          5046         10199
	210               4500          4398          8898
	211               2615          2578          5193
	212               2234          2196          4430
	213               5738          5622         11360
	214               3164          3110          6274
	215               1560          1569          3129
	216               2978          2917          5895
	217               3488          3382          6870
	218               2355          2318          4673
	219               2355          2318          4673
	220               3643          3558          7201
	221               4537          4433          8970
	222               1812          1813          3625
	223               3715          3644          7359
	224               2763          2701          5464
	225               2672          2622          5294
	226               4182          4048          8230
	227               3591          3506          7097
	228               2400          2360          4760
	229               2710          2661          5371
	230               3446          3352          6798
	231               3832          3757          7589
	232               1262          1281          2543
	233               3193          3129          6322
	234               4434          4330          8764
	235               1883          1891          3774
	236               6061          5913         11974
	237               4223          4093          8316
	238               3048          2973          6021
	239               2149          2115          4264
	240               1846          1852          3698
	241               2203          2166          4369
	242               5709          5584         11293
	243               2882          2835          5717
	244               1003          1061          2064
	245               2574          2539          5113
	246               2148          2115          4263
	247               1747          1765          3512
	248               3532          3436          6968
	249               5615          5500         11115
	250               5754          5632         11386
	251               1473          1479          2952
	252               2434          2391          4825
	253                938           993          1931
	254               4428          4320          8748
	255               4769          4673          9442

	Jain's fairness index (all ops):    0.870114  [UNFAIR]
	Jain's fairness index (inserts):    0.868262  [UNFAIR]
	Jain's fairness index (finds):      0.871986  [UNFAIR]
	Ops spread: min=1903  max=14231  ratio=7.48x
	--- end fairness ---
