upscaledb 2.2.1 - Copyright (C) 2005-2016 Christoph Rupp (chris@crupp.de).

This program is free software: you can redistribute it and/or modify
it under the terms of the Apache Public License 2.0.

This program is distributed in the hope that it will be useful,
but WITHOUT ANY WARRANTY; without even the implied warranty of
MERCHANTABILITY or FITNESS FOR A PARTICULAR PURPOSE.  See the
APL Apahe Public License for more details.

Configuration: --seed=1775564077 --num-threads=256 --key=uint32 --recsize=1024 --distribution=random --stop-seconds=30 --find-pct=50 

[OK] 
	total elapsed time (sec)                 30.006100
	upscaledb elapsed time (sec)             6122.932873
	upscaledb total_#ops                     1653975
	upscaledb insert_#ops                    834976 (200.396798/sec)
	upscaledb insert_throughput              206007.908570/sec
	upscaledb insert_latency (min, avg, max) 0.000001, 0.004990, 1.634239
	upscaledb find_#ops                      818492 (418.383625/sec)
	upscaledb find_throughput                0.000000/sec
	upscaledb find_latency (min, avg, max)   0.000000, 0.002390, 0.446442
	upscaledb filesize                       932085760

	--- Per-thread fairness ---
	thread         inserts         finds     total_ops
	0                 2923          2863          5786
	1                 5886          5759         11645
	2                 1958          1963          3921
	3                 3121          3063          6184
	4                 2563          2523          5086
	5                 1910          1911          3821
	6                 3046          2969          6015
	7                 3824          3746          7570
	8                 2520          2480          5000
	9                 2854          2811          5665
	10                2747          2684          5431
	11                1798          1797          3595
	12                3011          2940          5951
	13                2914          2857          5771
	14                5124          5017         10141
	15                3549          3460          7009
	16                2494          2459          4953
	17                4769          4673          9442
	18                4090          3968          8058
	19                3178          3120          6298
	20                4099          3973          8072
	21                3283          3216          6499
	22                1971          1972          3943
	23                1297          1308          2605
	24                3273          3208          6481
	25                3740          3664          7404
	26                3490          3386          6876
	27                3527          3432          6959
	28                1790          1790          3580
	29                3357          3269          6626
	30                2511          2476          4987
	31                4292          4171          8463
	32                3784          3696          7480
	33                3156          3102          6258
	34                2532          2485          5017
	35                4751          4659          9410
	36                2983          2919          5902
	37                4855          4752          9607
	38                4421          4316          8737
	39                2057          2051          4108
	40                2854          2811          5665
	41                3609          3517          7126
	42                3509          3415          6924
	43                4158          4029          8187
	44                3794          3701          7495
	45                3118          3058          6176
	46                3418          3319          6737
	47                4085          3964          8049
	48                1460          1471          2931
	49                4668          4573          9241
	50                5221          5111         10332
	51                3463          3360          6823
	52                2145          2110          4255
	53                2846          2805          5651
	54                2993          2929          5922
	55                3083          3015          6098
	56                3967          3862          7829
	57                4683          4588          9271
	58                2128          2107          4235
	59                1872          1877          3749
	60                5657          5529         11186
	61                5263          5152         10415
	62                3425          3325          6750
	63                2890          2838          5728
	64                2468          2425          4893
	65                2954          2896          5850
	66                3044          2969          6013
	67                1460          1471          2931
	68                5409          5291         10700
	69                2677          2627          5304
	70                3183          3126          6309
	71                3157          3104          6261
	72                3159          3107          6266
	73                2156          2126          4282
	74                1083          1125          2208
	75                3300          3234          6534
	76                3248          3186          6434
	77                2074          2063          4137
	78                2933          2871          5804
	79                3610          3521          7131
	80                3371          3279          6650
	81                4264          4146          8410
	82                5320          5197         10517
	83                2237          2196          4433
	84                1267          1288          2555
	85                6551          6366         12917
	86                2493          2459          4952
	87                2726          2668          5394
	88                3822          3743          7565
	89                2855          2811          5666
	90                2399          2360          4759
	91                3815          3739          7554
	92                1863          1865          3728
	93                5209          5102         10311
	94                2399          2360          4759
	95                3211          3151          6362
	96                2792          2736          5528
	97                6095          5951         12046
	98                4509          4404          8913
	99                3379          3288          6667
	100               1981          1982          3963
	101               2151          2121          4272
	102               4474          4373          8847
	103               2759          2697          5456
	104               2335          2293          4628
	105               3785          3696          7481
	106               3394          3299          6693
	107               2611          2575          5186
	108               2891          2840          5731
	109               1815          1815          3630
	110               1230          1257          2487
	111               2180          2146          4326
	112               5235          5126         10361
	113               1737          1754          3491
	114               6006          5859         11865
	115               4396          4298          8694
	116               2938          2877          5815
	117               4781          4683          9464
	118               2047          2045          4092
	119               2198          2160          4358
	120               2352          2316          4668
	121               4117          3993          8110
	122               4460          4357          8817
	123               2515          2478          4993
	124                780           827          1607
	125               2925          2864          5789
	126               2600          2561          5161
	127               3493          3393          6886
	128               3776          3690          7466
	129               4628          4522          9150
	130               3864          3775          7639
	131               2219          2184          4403
	132               3281          3213          6494
	133               3407          3311          6718
	134               3081          3011          6092
	135               3493          3390          6883
	136               5038          4926          9964
	137               3049          2974          6023
	138               2887          2837          5724
	139               3362          3276          6638
	140               2470          2427          4897
	141               1343          1346          2689
	142               2683          2635          5318
	143               3317          3248          6565
	144               5681          5553         11234
	145               3488          3382          6870
	146               2799          2752          5551
	147               3339          3258          6597
	148               4639          4544          9183
	149               2345          2309          4654
	150               1377          1398          2775
	151               5465          5346         10811
	152               4497          4394          8891
	153               4019          3900          7919
	154               2020          2025          4045
	155               1325          1329          2654
	156               3159          3107          6266
	157               2263          2218          4481
	158               3621          3533          7154
	159               4084          3963          8047
	160               1937          1935          3872
	161               3665          3581          7246
	162               3037          2963          6000
	163               3231          3171          6402
	164               2371          2330          4701
	165               3508          3412          6920
	166               4206          4082          8288
	167               1556          1565          3121
	168               1646          1662          3308
	169               3444          3352          6796
	170               3183          3125          6308
	171               2523          2480          5003
	172               3110          3047          6157
	173               4434          4325          8759
	174               2280          2235          4515
	175               3228          3159          6387
	176               3453          3356          6809
	177               3175          3119          6294
	178               3157          3104          6261
	179               3265          3201          6466
	180               3741          3667          7408
	181               3156          3102          6258
	182               6190          6027         12217
	183               5026          4921          9947
	184               2003          1997          4000
	185               1974          1979          3953
	186               3170          3116          6286
	187               3940          3837          7777
	188               3105          3041          6146
	189               6211          6046         12257
	190               1740          1757          3497
	191               2210          2171          4381
	192               3307          3241          6548
	193               6134          5992         12126
	194               3390          3290          6680
	195               2567          2529          5096
	196               1209          1232          2441
	197               3691          3605          7296
	198               2504          2469          4973
	199               4618          4517          9135
	200               3358          3270          6628
	201               2832          2785          5617
	202                920           966          1886
	203               5816          5690         11506
	204               3345          3262          6607
	205               4426          4318          8744
	206               4476          4376          8852
	207               4902          4799          9701
	208               2671          2622          5293
	209               1894          1902          3796
	210               2324          2274          4598
	211               4930          4830          9760
	212               5392          5266         10658
	213               2968          2908          5876
	214               3648          3560          7208
	215               1164          1187          2351
	216               3274          3208          6482
	217               5826          5702         11528
	218               5586          5473         11059
	219               1190          1215          2405
	220               4906          4806          9712
	221               2604          2566          5170
	222               3813          3736          7549
	223               3595          3509          7104
	224               2504          2470          4974
	225               2069          2058          4127
	226               4021          3902          7923
	227               2307          2260          4567
	228               2825          2774          5599
	229               2801          2758          5559
	230               3570          3483          7053
	231               2175          2136          4311
	232               2515          2478          4993
	233               2986          2926          5912
	234               3126          3067          6193
	235               3393          3298          6691
	236               1956          1960          3916
	237               1875          1879          3754
	238               3048          2973          6021
	239               5525          5398         10923
	240               2130          2107          4237
	241               5103          4996         10099
	242               3281          3213          6494
	243               3503          3408          6911
	244               4038          3923          7961
	245               1249          1270          2519
	246               2416          2377          4793
	247               6369          6173         12542
	248               2515          2478          4993
	249               2515          2478          4993
	250               3725          3655          7380
	251               2512          2477          4989
	252               2610          2570          5180
	253               4036          3923          7959
	254               2452          2412          4864
	255               3217          3156          6373

	Jain's fairness index (all ops):    0.886550  [UNFAIR]
	Jain's fairness index (inserts):    0.885004  [UNFAIR]
	Jain's fairness index (finds):      0.888111  [UNFAIR]
	Ops spread: min=1607  max=12917  ratio=8.04x
	--- end fairness ---
