upscaledb 2.2.1 - Copyright (C) 2005-2016 Christoph Rupp (chris@crupp.de).

This program is free software: you can redistribute it and/or modify
it under the terms of the Apache Public License 2.0.

This program is distributed in the hope that it will be useful,
but WITHOUT ANY WARRANTY; without even the implied warranty of
MERCHANTABILITY or FITNESS FOR A PARTICULAR PURPOSE.  See the
APL Apahe Public License for more details.

Configuration: --seed=1775563925 --num-threads=128 --key=uint32 --recsize=1024 --distribution=random --stop-seconds=30 --find-pct=50 

[OK] 
	total elapsed time (sec)                 30.010720
	upscaledb elapsed time (sec)             3500.687024
	upscaledb total_#ops                     3023635
	upscaledb insert_#ops                    1518323 (619.835109/sec)
	upscaledb insert_throughput              637190.492549/sec
	upscaledb insert_latency (min, avg, max) 0.000001, 0.001613, 0.410590
	upscaledb find_#ops                      1505060 (1431.852948/sec)
	upscaledb find_throughput                0.000000/sec
	upscaledb find_latency (min, avg, max)   0.000000, 0.000698, 1.478122
	upscaledb filesize                       1691844608

	--- Per-thread fairness ---
	thread         inserts         finds     total_ops
	0                14983         14970         29953
	1                10640         10536         21176
	2                11264         11150         22414
	3                12249         12153         24402
	4                 9009          8869         17878
	5                13750         13681         27431
	6                11984         11898         23882
	7                10895         10758         21653
	8                12556         12466         25022
	9                10834         10696         21530
	10               11552         11438         22990
	11               12292         12202         24494
	12               11472         11356         22828
	13               13319         13233         26552
	14               10524         10411         20935
	15               10286         10166         20452
	16               10859         10720         21579
	17               10272         10154         20426
	18               12269         12171         24440
	19               12674         12577         25251
	20               11463         11349         22812
	21               11114         10993         22107
	22               11312         11190         22502
	23               13906         13845         27751
	24               12480         12384         24864
	25               16167         16088         32255
	26               11904         11809         23713
	27               13379         13285         26664
	28               13449         13369         26818
	29               13389         13295         26684
	30               12341         12263         24604
	31               13786         13715         27501
	32               11978         11890         23868
	33               12277         12187         24464
	34               14227         14170         28397
	35               10132         10011         20143
	36               12234         12127         24361
	37               14380         14325         28705
	38               12422         12330         24752
	39               10682         10566         21248
	40               10983         10858         21841
	41               11858         11747         23605
	42               11305         11184         22489
	43               12655         12553         25208
	44               10824         10687         21511
	45               11192         11072         22264
	46               12327         12248         24575
	47               13273         13176         26449
	48               11008         10884         21892
	49               10964         10843         21807
	50               13146         13055         26201
	51               11498         11378         22876
	52               14771         14754         29525
	53               10464         10354         20818
	54               11028         10900         21928
	55               11949         11859         23808
	56               11815         11710         23525
	57               12867         12770         25637
	58               12446         12352         24798
	59               12503         12406         24909
	60               11864         11750         23614
	61               11924         11836         23760
	62               12203         12090         24293
	63               12629         12526         25155
	64                9349          9228         18577
	65                8825          8673         17498
	66               12129         12029         24158
	67               10926         10799         21725
	68               15099         15095         30194
	69               10239         10130         20369
	70               12275         12181         24456
	71               11030         10903         21933
	72               11919         11820         23739
	73               14720         14698         29418
	74               12088         11998         24086
	75               10888         10748         21636
	76               10709         10591         21300
	77               10941         10823         21764
	78               10805         10675         21480
	79               10835         10698         21533
	80               10410         10295         20705
	81               13116         13021         26137
	82               12040         11959         23999
	83               11070         10946         22016
	84                9915          9764         19679
	85               10978         10858         21836
	86               13099         13003         26102
	87               14506         14459         28965
	88               12563         12476         25039
	89               11923         11830         23753
	90                8853          8698         17551
	91               13813         13733         27546
	92               12504         12407         24911
	93               10530         10418         20948
	94               13311         13230         26541
	95                9523          9390         18913
	96               10510         10395         20905
	97               11549         11431         22980
	98               10379         10257         20636
	99               10041          9888         19929
	100              11708         11591         23299
	101              13489         13408         26897
	102              11737         11622         23359
	103              10816         10684         21500
	104              10904         10770         21674
	105              10992         10869         21861
	106              12437         12341         24778
	107              13066         12965         26031
	108              12127         12028         24155
	109              11946         11855         23801
	110              12513         12421         24934
	111              11636         11533         23169
	112              11921         11821         23742
	113              10414         10300         20714
	114              11200         11080         22280
	115              10688         10569         21257
	116              12279         12189         24468
	117              15165         15134         30299
	118              11356         11226         22582
	119              11583         11468         23051
	120              10911         10777         21688
	121              11394         11270         22664
	122              10267         10151         20418
	123              11862         11749         23611
	124              12486         12391         24877
	125              10977         10857         21834
	126              12287         12196         24483
	127              12551         12460         25011

	Jain's fairness index (all ops):    0.986938  [FAIR]
	Jain's fairness index (inserts):    0.987270  [FAIR]
	Jain's fairness index (finds):      0.986599  [FAIR]
	Ops spread: min=17498  max=32255  ratio=1.84x
	--- end fairness ---
